1778410568389 0.0 0
1778410571148 0.0 1
1778410573620 0.0 2
1778410576032 0.0 3
1778410578996 0.0 4
1778410582810 0.03087 5
1778410585397 0.06161 6
1778410587858 0.07319 7
1778410590183 0.08744 8
1778410592662 0.1077 9
1778410596248 0.12995 10
1778410599723 0.10896 11
1778410602102 0.12741 12
1778410604574 0.14078 13
1778410606953 0.11766 14
1778410609310 0.12112 15
1778410613857 0.15974 16
1778410616815 0.17092 17
1778410619408 0.17859 18
1778410621720 0.17095 19
1778410624281 0.16138 20
1778410627087 0.16595 21
1778410631758 0.18454 22
1778410634231 0.19278 23
1778410636562 0.17513 24
1778410638907 0.17453 25
1778410641280 0.17297 26
1778410645768 0.17311 27
1778410648661 0.18268 28
1778410651069 0.17894 29
1778410653383 0.18699 30
1778410655772 0.18205 31
1778410658716 0.21096 32
1778410662473 0.22817 33
1778410665305 0.21326 34
1778410667663 0.21208 35
1778410669992 0.22124 36
1778410672321 0.2255 37
1778410676205 0.22272 38
1778410679667 0.20869 39
1778410684823 0.21447 40
1778410687293 0.2021 41
1778410690440 0.18872 42
1778410694184 0.18362 43
1778410696716 0.18086 44
1778410698946 0.19097 45
1778410701218 0.19062 46
1778410703534 0.1904 47
1778410706270 0.19307 48
1778410709906 0.20004 49
1778410714575 0.22821302439045485 49
