1778410568389 0.0 0
1778410571148 0.0 1
1778410573620 0.0 2
1778410576032 0.0 3
1778410578996 0.0 4
1778410582810 0.09246 5
1778410585397 0.20117 6
1778410587858 0.24129 7
1778410590183 0.26968 8
1778410592662 0.28838 9
1778410596248 0.32568 10
1778410599723 0.21878 11
1778410602102 0.25125 12
1778410604574 0.24784 13
1778410606953 0.23364 14
1778410609310 0.24745 15
1778410613857 0.28416 16
1778410616815 0.33387 17
1778410619408 0.33831 18
1778410621720 0.33623 19
1778410624281 0.28622 20
1778410627087 0.39183 21
1778410631758 0.39077 22
1778410634231 0.38695 23
1778410636562 0.33529 24
1778410638907 0.33649 25
1778410641280 0.33928 26
1778410645768 0.33669 27
1778410648661 0.33782 28
1778410651069 0.34567 29
1778410653383 0.34254 30
1778410655772 0.34459 31
1778410658716 0.40536 32
1778410662473 0.43477 33
1778410665305 0.42533 34
1778410667663 0.39323 35
1778410669992 0.4087 36
1778410672321 0.40367 37
1778410676205 0.40877 38
1778410679667 0.39737 39
1778410684823 0.40987 40
1778410687293 0.39838 41
1778410690440 0.33433 42
1778410694184 0.32825 43
1778410696716 0.31774 44
1778410698946 0.32701 45
1778410701218 0.32795 46
1778410703534 0.32952 47
1778410706270 0.33139 48
1778410709906 0.3348 49
1778410714575 0.43465327255255276 49
