1778410568389 0.0 0
1778410571148 0.0 1
1778410573620 0.0 2
1778410576032 0.0 3
1778410578996 0.0 4
1778410582810 0.175 5
1778410585397 0.09198 6
1778410587858 0.09487 7
1778410590183 0.07301 8
1778410592662 0.05052 9
1778410596248 0.6592 10
1778410599723 0.76979 11
1778410602102 0.76946 12
1778410604574 0.86396 13
1778410606953 0.80032 14
1778410609310 0.69737 15
1778410613857 0.7751 16
1778410616815 0.70151 17
1778410619408 0.75676 18
1778410621720 0.72197 19
1778410624281 0.665 20
1778410627087 0.78644 21
1778410631758 0.7294 22
1778410634231 0.67949 23
1778410636562 0.70067 24
1778410638907 0.7212 25
1778410641280 0.7578 26
1778410645768 0.72073 27
1778410648661 0.78876 28
1778410651069 0.79842 29
1778410653383 0.72809 30
1778410655772 0.71827 31
1778410658716 0.66645 32
1778410662473 0.79785 33
1778410665305 0.79836 34
1778410667663 0.766 35
1778410669992 0.78651 36
1778410672321 0.79893 37
1778410676205 0.79864 38
1778410679667 0.76496 39
1778410684823 0.86427 40
1778410687293 0.78711 41
1778410690440 0.78572 42
1778410694184 0.7541 43
1778410696716 0.63321 44
1778410698946 0.67257 45
1778410701218 0.66703 46
1778410703534 0.67332 47
1778410706270 0.66261 48
1778410709906 0.66351 49
1778410714575 0.794595224518047 49
