1778410568389 0.0 0
1778410571148 0.0 1
1778410573620 0.0 2
1778410576032 0.0 3
1778410578996 0.0 4
1778410582810 0.11515 5
1778410585397 0.24318 6
1778410587858 0.29621 7
1778410590183 0.38692 8
1778410592662 0.4168 9
1778410596248 0.14997 10
1778410599723 0.16004 11
1778410602102 0.22586 12
1778410604574 0.16209 13
1778410606953 0.17799 14
1778410609310 0.19931 15
1778410613857 0.21739 16
1778410616815 0.32393 17
1778410619408 0.3047 18
1778410621720 0.31923 19
1778410624281 0.34966 20
1778410627087 0.33417 21
1778410631758 0.38596 22
1778410634231 0.34995 23
1778410636562 0.34967 24
1778410638907 0.34776 25
1778410641280 0.33512 26
1778410645768 0.34732 27
1778410648661 0.35027 28
1778410651069 0.35912 29
1778410653383 0.34042 30
1778410655772 0.31852 31
1778410658716 0.38967 32
1778410662473 0.30769 33
1778410665305 0.36636 34
1778410667663 0.3689 35
1778410669992 0.40005 36
1778410672321 0.40028 37
1778410676205 0.39947 38
1778410679667 0.38575 39
1778410684823 0.32877 40
1778410687293 0.37136 41
1778410690440 0.36742 42
1778410694184 0.36481 43
1778410696716 0.36709 44
1778410698946 0.36626 45
1778410701218 0.36005 46
1778410703534 0.38107 47
1778410706270 0.37095 48
1778410709906 0.38183 49
1778410714575 0.3079757018891656 49
