1778410567630 2.3310000000000002e-05 0
1778410570489 4.896099e-05 1
1778410572833 7.355703599999999e-05 2
1778410575435 9.709813799999999e-05 3
1778410578044 0.00011958429600000002 4
1778410581726 0.00014101551 5
1778410584712 0.00016139178000000004 6
1778410587213 0.000180713106 7
1778410589563 0.00019897948800000004 8
1778410591812 0.00021619092600000002 9
1778410595276 0.00023234742000000002 10
1778410598782 0.00024744897 11
1778410601472 0.0002538792 12
1778410603948 0.00024728580000000003 13
1778410606346 0.0002406924 14
1778410608725 0.000234099 15
1778410611888 0.00022750559999999999 16
1778410616150 0.00022091219999999996 17
1778410618763 0.00021431880000000002 18
1778410621186 0.00020772540000000002 19
1778410623475 0.000201132 20
1778410626252 0.00019453860000000003 21
1778410630420 0.0001879452 22
1778410633532 0.00018135180000000003 23
1778410635973 0.0001747584 24
1778410638086 0.00016816500000000001 25
1778410640624 0.0001615716 26
1778410644093 0.0001549782 27
1778410648075 0.0001483848 28
1778410650388 0.00014179140000000003 29
1778410652806 0.00013519800000000003 30
1778410655179 0.0001286046 31
1778410657635 0.00012201120000000001 32
1778410661262 0.0001154178 33
1778410664644 0.0001088244 34
1778410667114 0.00010223100000000002 35
1778410669441 9.563760000000001e-05 36
1778410671673 8.904420000000001e-05 37
1778410674987 8.24508e-05 38
1778410678934 7.585739999999999e-05 39
1778410683624 6.926399999999999e-05 40
1778410686674 6.267060000000002e-05 41
1778410689178 5.607720000000002e-05 42
1778410693060 4.948380000000001e-05 43
1778410696111 4.28904e-05 44
1778410698345 3.6296999999999995e-05 45
1778410700618 2.9703599999999988e-05 46
1778410702953 2.3110200000000015e-05 47
1778410705348 1.6516800000000014e-05 48
1778410708593 9.923400000000007e-06 49
