1778410567630 2.31771 0
1778410570489 2.3375 1
1778410572833 2.12498 2
1778410575435 2.013 3
1778410578044 1.83291 4
1778410581726 1.73599 5
1778410584712 1.71742 6
1778410587213 1.66663 7
1778410589563 1.77058 8
1778410591812 1.75292 9
1778410595276 1.7375 10
1778410598782 1.61817 11
1778410601472 1.53306 12
1778410603948 1.63082 13
1778410606346 1.50461 14
1778410608725 1.55134 15
1778410611888 1.44287 16
1778410616150 1.55996 17
1778410618763 1.37193 18
1778410621186 1.46281 19
1778410623475 1.47123 20
1778410626252 1.37172 21
1778410630420 1.48734 22
1778410633532 1.38005 23
1778410635973 1.39365 24
1778410638086 1.29609 25
1778410640624 1.30281 26
1778410644093 1.33631 27
1778410648075 1.42164 28
1778410650388 1.21528 29
1778410652806 1.31393 30
1778410655179 1.28132 31
1778410657635 1.21538 32
1778410661262 1.19012 33
1778410664644 1.19512 34
1778410667114 1.14221 35
1778410669441 1.18348 36
1778410671673 1.14839 37
1778410674987 1.09982 38
1778410678934 1.11269 39
1778410683624 1.14217 40
1778410686674 1.1161 41
1778410689178 0.91609 42
1778410693060 1.03574 43
1778410696111 1.0852 44
1778410698345 1.1024 45
1778410700618 0.95631 46
1778410702953 0.92146 47
1778410705348 0.94339 48
1778410708593 0.94085 49
