1778410567630 4.3355 0
1778410570489 4.29295 1
1778410572833 4.20021 2
1778410575435 4.17845 3
1778410578044 4.08764 4
1778410581726 3.95684 5
1778410584712 3.84115 6
1778410587213 3.65756 7
1778410589563 3.55268 8
1778410591812 3.65314 9
1778410595276 3.21881 10
1778410598782 3.04881 11
1778410601472 2.89455 12
1778410603948 2.6704 13
1778410606346 2.68304 14
1778410608725 2.51323 15
1778410611888 2.51105 16
1778410616150 2.5749 17
1778410618763 2.21916 18
1778410621186 2.47093 19
1778410623475 2.2294 20
1778410626252 2.20293 21
1778410630420 2.49857 22
1778410633532 2.16784 23
1778410635973 2.08291 24
1778410638086 1.94457 25
1778410640624 1.97142 26
1778410644093 1.90652 27
1778410648075 2.28586 28
1778410650388 1.92298 29
1778410652806 1.94212 30
1778410655179 1.87407 31
1778410657635 1.89028 32
1778410661262 1.997 33
1778410664644 1.82671 34
1778410667114 1.82689 35
1778410669441 2.03822 36
1778410671673 1.72844 37
1778410674987 1.88803 38
1778410678934 1.71028 39
1778410683624 2.39739 40
1778410686674 2.26751 41
1778410689178 1.73126 42
1778410693060 1.74466 43
1778410696111 1.95154 44
1778410698345 1.91731 45
1778410700618 1.62642 46
1778410702953 1.71298 47
1778410705348 1.73958 48
1778410708593 1.9616 49
