1778410567630 2.50301 0
1778410570489 2.6162 1
1778410572833 2.33693 2
1778410575435 2.25534 3
1778410578044 2.07068 4
1778410581726 2.00045 5
1778410584712 1.96943 6
1778410587213 1.91185 7
1778410589563 1.98264 8
1778410591812 1.94538 9
1778410595276 2.02091 10
1778410598782 1.9247 11
1778410601472 1.81502 12
1778410603948 1.86024 13
1778410606346 1.81702 14
1778410608725 1.78741 15
1778410611888 1.77029 16
1778410616150 1.86782 17
1778410618763 1.71483 18
1778410621186 1.78212 19
1778410623475 1.77554 20
1778410626252 1.69889 21
1778410630420 1.81293 22
1778410633532 1.71209 23
1778410635973 1.76192 24
1778410638086 1.65393 25
1778410640624 1.65337 26
1778410644093 1.66004 27
1778410648075 1.79856 28
1778410650388 1.56433 29
1778410652806 1.67792 30
1778410655179 1.65172 31
1778410657635 1.5848 32
1778410661262 1.6209 33
1778410664644 1.60539 34
1778410667114 1.54464 35
1778410669441 1.6073 36
1778410671673 1.53156 37
1778410674987 1.56497 38
1778410678934 1.57687 39
1778410683624 1.55349 40
1778410686674 1.57973 41
1778410689178 1.44972 42
1778410693060 1.49821 43
1778410696111 1.55154 44
1778410698345 1.6242 45
1778410700618 1.38652 46
1778410702953 1.42336 47
1778410705348 1.38932 48
1778410708593 1.60856 49
